[[[NEW TRACK]]]
45.479780,-122.624145,75.3,2023-03-21T22:29:27Z,4.771103
45.479758,-122.624148,75.5,2023-03-21T22:29:30Z,4.759189
45.479768,-122.624146,75.6,2023-03-21T22:29:32Z,4.765710
45.479780,-122.624089,71.0,2023-03-21T22:29:52Z
45.479763,-122.624050,73.6,2023-03-21T22:29:56Z,4.778014
45.479763,-122.624089,73.1,2023-03-21T22:29:57Z,4.806050
45.479770,-122.624046,69.0,2023-03-21T22:30:04Z
45.479738,-122.624026,72.0,2023-03-21T22:30:09Z
45.479737,-122.623987,71.0,2023-03-21T22:30:11Z
45.479716,-122.623947,70.0,2023-03-21T22:30:13Z
45.479701,-122.624016,66.0,2023-03-21T22:30:19Z
45.479686,-122.623980,68.0,2023-03-21T22:30:24Z
45.479744,-122.624032,71.0,2023-03-21T22:30:46Z
45.479751,-122.624068,71.0,2023-03-21T22:30:52Z
45.479696,-122.624073,72.0,2023-03-21T22:30:54Z
45.479617,-122.624041,72.0,2023-03-21T22:30:58Z
45.479615,-122.623879,74.7,2023-03-21T22:31:04Z,4.694983
45.479602,-122.623802,72.7,2023-03-21T22:31:06Z,4.694083
45.479586,-122.623771,72.6,2023-03-21T22:31:07Z,4.693635
45.479547,-122.623745,71.0,2023-03-21T22:31:08Z
45.479299,-122.623724,69.0,2023-03-21T22:31:18Z
45.479251,-122.623758,69.3,2023-03-21T22:31:20Z,4.704417
45.479240,-122.623798,68.6,2023-03-21T22:31:21Z,4.709544
45.479258,-122.623937,67.4,2023-03-21T22:31:23Z,4.709142
45.479239,-122.624410,62.2,2023-03-21T22:31:28Z,4.701718
45.479240,-122.625539,54.5,2023-03-21T22:31:36Z,4.713790
45.479244,-122.626145,51.4,2023-03-21T22:31:40Z,4.720222
45.479261,-122.626615,48.4,2023-03-21T22:31:43Z,4.708367
45.479293,-122.626925,47.0,2023-03-21T22:31:45Z,4.715287
45.479378,-122.627371,44.8,2023-03-21T22:31:48Z,4.725418
45.479395,-122.627522,43.9,2023-03-21T22:31:49Z,4.726379
45.479397,-122.627680,43.5,2023-03-21T22:31:50Z,4.723140
45.479356,-122.628226,43.2,2023-03-21T22:31:54Z,4.723390
45.479234,-122.628781,43.1,2023-03-21T22:31:59Z,4.726472
45.479206,-122.629019,42.2,2023-03-21T22:32:00Z,4.725315
45.479210,-122.629139,40.9,2023-03-21T22:32:01Z,4.724805
45.479262,-122.629615,41.0,2023-03-21T22:32:05Z,4.730849
45.479268,-122.630039,40.8,2023-03-21T22:32:09Z,4.735001
45.479254,-122.630281,41.1,2023-03-21T22:32:12Z,4.734182
45.479158,-122.630944,40.1,2023-03-21T22:32:21Z,4.725521
45.479145,-122.631388,38.7,2023-03-21T22:32:27Z,4.713727
45.479187,-122.631736,39.0,2023-03-21T22:32:31Z,4.713122
45.479296,-122.632199,38.1,2023-03-21T22:32:36Z,4.723317
45.479303,-122.632309,37.7,2023-03-21T22:32:37Z,4.723936
45.479298,-122.632418,37.5,2023-03-21T22:32:38Z,4.719545
45.479269,-122.632641,37.0,2023-03-21T22:32:40Z,4.718685
45.479239,-122.632746,36.6,2023-03-21T22:32:41Z,4.718049
45.479059,-122.633170,36.2,2023-03-21T22:32:45Z,4.706174
45.479026,-122.633288,35.8,2023-03-21T22:32:46Z,4.710341
45.478965,-122.633678,35.5,2023-03-21T22:32:49Z,4.709721
45.478874,-122.634163,32.5,2023-03-21T22:32:53Z,4.719492
45.478866,-122.634272,33.1,2023-03-21T22:32:54Z,4.713895
45.478873,-122.634365,32.8,2023-03-21T22:32:56Z,4.714772
45.478910,-122.634463,32.1,2023-03-21T22:32:57Z,4.712131
45.478964,-122.634546,31.6,2023-03-21T22:32:58Z,4.714940
45.479032,-122.634615,31.2,2023-03-21T22:32:59Z,4.716977
45.479105,-122.634665,31.1,2023-03-21T22:33:00Z,4.713928
45.479171,-122.634688,31.3,2023-03-21T22:33:01Z,4.715355
45.479234,-122.634733,30.8,2023-03-21T22:33:02Z,4.707131
45.479423,-122.634802,31.3,2023-03-21T22:33:05Z,4.708535
45.479564,-122.634897,29.0,2023-03-21T22:33:07Z,4.712956
45.479697,-122.634942,32.5,2023-03-21T22:33:09Z,4.713339
45.479768,-122.634986,33.1,2023-03-21T22:33:10Z,4.700155
45.479841,-122.635013,32.5,2023-03-21T22:33:11Z,4.706752
45.480192,-122.635215,31.0,2023-03-21T22:33:16Z,4.708199
45.480401,-122.635315,30.8,2023-03-21T22:33:19Z,4.707392
45.480602,-122.635430,28.8,2023-03-21T22:33:22Z,4.699270
45.481193,-122.635728,26.9,2023-03-21T22:33:30Z,4.705366
45.481264,-122.635769,26.9,2023-03-21T22:33:31Z,4.706453
45.481332,-122.635825,26.4,2023-03-21T22:33:32Z,4.707030
45.481393,-122.635898,26.3,2023-03-21T22:33:33Z,4.710495
45.481499,-122.636070,25.4,2023-03-21T22:33:35Z,4.715049
45.481536,-122.636178,25.0,2023-03-21T22:33:36Z,4.718195
45.481575,-122.636410,24.0,2023-03-21T22:33:38Z,4.720141
45.481586,-122.636652,23.2,2023-03-21T22:33:40Z,4.723503
45.481612,-122.636890,22.1,2023-03-21T22:33:42Z,4.729429
45.481741,-122.637195,17.6,2023-03-21T22:33:45Z,4.737775
45.481814,-122.637267,18.6,2023-03-21T22:33:46Z,4.736006
45.481977,-122.637368,20.1,2023-03-21T22:33:48Z,4.721961
45.482136,-122.637400,18.2,2023-03-21T22:33:50Z,4.722802
45.483602,-122.637413,23.1,2023-03-21T22:34:11Z,4.727587
45.483806,-122.637428,23.4,2023-03-21T22:34:14Z,4.722023
45.484313,-122.637432,23.9,2023-03-21T22:34:22Z,4.721807
45.484370,-122.637443,23.8,2023-03-21T22:34:23Z,4.721039
45.484480,-122.637439,22.9,2023-03-21T22:34:25Z,4.725424
45.484563,-122.637416,22.5,2023-03-21T22:34:27Z,4.727966
45.484607,-122.637431,22.0,2023-03-21T22:34:28Z
45.484692,-122.637439,24.4,2023-03-21T22:34:32Z,4.724574
45.485067,-122.637456,24.4,2023-03-21T22:34:40Z,4.710172
45.485230,-122.637452,23.4,2023-03-21T22:34:43Z,4.710868
45.485895,-122.637486,27.7,2023-03-21T22:34:55Z,4.689537
45.486003,-122.637471,28.5,2023-03-21T22:34:57Z,4.694754
45.486185,-122.637483,27.1,2023-03-21T22:35:00Z,4.698188
45.486372,-122.637468,25.1,2023-03-21T22:35:03Z,4.699131
45.486936,-122.637497,26.8,2023-03-21T22:35:11Z,4.700422
45.487183,-122.637484,27.5,2023-03-21T22:35:16Z,4.708936
45.488045,-122.637511,27.6,2023-03-21T22:35:30Z,4.699867
45.488171,-122.637501,28.6,2023-03-21T22:35:32Z,4.705759
45.488359,-122.637518,27.9,2023-03-21T22:35:35Z,4.705128
45.488491,-122.637511,26.8,2023-03-21T22:35:37Z,4.706056
45.488801,-122.637517,27.4,2023-03-21T22:35:42Z,4.696911
45.488990,-122.637531,26.4,2023-03-21T22:35:45Z,4.704037
45.489318,-122.637534,27.5,2023-03-21T22:35:50Z,4.709633
45.490076,-122.637566,26.4,2023-03-21T22:36:02Z,4.713547
45.490157,-122.637550,27.0,2023-03-21T22:36:06Z
45.490195,-122.637522,27.0,2023-03-21T22:36:41Z
45.490309,-122.637517,29.6,2023-03-21T22:36:56Z,4.730795
45.490381,-122.637532,30.3,2023-03-21T22:36:58Z,4.724784
45.490620,-122.637554,30.6,2023-03-21T22:37:03Z,4.714739
45.490943,-122.637565,26.8,2023-03-21T22:37:09Z,4.706118
45.491068,-122.637583,27.8,2023-03-21T22:37:11Z,4.703432
45.491248,-122.637594,29.7,2023-03-21T22:37:14Z,4.707590
45.491432,-122.637586,28.7,2023-03-21T22:37:17Z,4.702990
45.491854,-122.637590,28.9,2023-03-21T22:37:25Z,4.703098
45.491921,-122.637598,28.9,2023-03-21T22:37:26Z,4.697455
45.492103,-122.637596,28.4,2023-03-21T22:37:29Z,4.700783
45.492286,-122.637611,27.7,2023-03-21T22:37:32Z,4.704960
45.492523,-122.637586,27.9,2023-03-21T22:37:36Z,4.705454
45.492749,-122.637611,29.3,2023-03-21T22:37:40Z,4.704694
45.492912,-122.637590,30.3,2023-03-21T22:37:43Z,4.709365
45.493079,-122.637592,29.0,2023-03-21T22:37:46Z
45.493127,-122.637580,29.0,2023-03-21T22:37:48Z
45.493251,-122.637597,29.6,2023-03-21T22:37:50Z,4.425044
45.493309,-122.637578,29.0,2023-03-21T22:37:56Z
45.493358,-122.637603,30.1,2023-03-21T22:37:58Z,4.419920
45.493478,-122.637623,30.5,2023-03-21T22:38:01Z,4.514078
45.493724,-122.637608,30.8,2023-03-21T22:38:06Z,4.548472
45.494004,-122.637632,32.5,2023-03-21T22:38:11Z,4.750493
45.494057,-122.637621,31.5,2023-03-21T22:38:12Z,4.708381
45.494480,-122.637611,32.1,2023-03-21T22:38:19Z,4.691519
45.494723,-122.637625,31.9,2023-03-21T22:38:23Z,4.698706
45.494844,-122.637609,33.9,2023-03-21T22:38:25Z,4.699044
45.495088,-122.637626,32.6,2023-03-21T22:38:29Z,4.691151
45.495342,-122.637608,32.1,2023-03-21T22:38:33Z,4.696579
45.495778,-122.637630,31.5,2023-03-21T22:38:39Z,4.703295
45.495961,-122.637622,33.0,2023-03-21T22:38:42Z,4.704023
45.496207,-122.637634,32.0,2023-03-21T22:38:46Z,4.699602
45.496579,-122.637632,33.2,2023-03-21T22:38:52Z,4.701621
45.496831,-122.637608,31.8,2023-03-21T22:38:56Z,4.701633
45.497005,-122.637569,32.5,2023-03-21T22:38:59Z,4.704230
45.497281,-122.637565,34.4,2023-03-21T22:39:04Z,4.705158
45.497441,-122.637574,36.5,2023-03-21T22:39:09Z,4.693068
45.497473,-122.637565,37.0,2023-03-21T22:39:11Z
45.497616,-122.637583,26.0,2023-03-21T22:39:29Z
45.497682,-122.637556,38.0,2023-03-21T22:39:46Z
45.498033,-122.637570,37.5,2023-03-21T22:39:55Z,4.710373
45.498193,-122.637561,37.5,2023-03-21T22:39:58Z,4.712200
45.498309,-122.637571,36.5,2023-03-21T22:40:00Z,4.716599
45.498633,-122.637569,36.3,2023-03-21T22:40:06Z,4.723039
45.499182,-122.637585,35.0,2023-03-21T22:40:19Z,4.729697
45.499778,-122.637590,34.6,2023-03-21T22:40:30Z,4.726059
45.500314,-122.637579,35.2,2023-03-21T22:40:39Z,4.710348
45.500424,-122.637593,35.5,2023-03-21T22:40:41Z,4.710387
45.500508,-122.637588,35.6,2023-03-21T22:40:44Z,4.690342
45.500916,-122.637604,35.9,2023-03-21T22:40:50Z,4.518521
45.501071,-122.637597,36.2,2023-03-21T22:40:53Z,4.592556
45.501421,-122.637614,36.9,2023-03-21T22:41:00Z,4.641281
45.501628,-122.637602,37.0,2023-03-21T22:41:04Z,4.654742
45.501669,-122.637581,39.6,2023-03-21T22:41:05Z,4.755325
45.502235,-122.637622,38.4,2023-03-21T22:41:16Z,4.682984
45.502473,-122.637615,37.4,2023-03-21T22:41:20Z,4.582319
45.502667,-122.637629,36.5,2023-03-21T22:41:23Z,4.544258
45.503008,-122.637621,35.8,2023-03-21T22:41:28Z,4.827241
45.503229,-122.637641,33.4,2023-03-21T22:41:31Z,4.792136
45.503303,-122.637602,33.5,2023-03-21T22:41:32Z,4.774720
45.503363,-122.637632,33.6,2023-03-21T22:41:34Z,4.768747
45.503434,-122.637617,33.4,2023-03-21T22:41:36Z,4.741547
45.503465,-122.637599,33.7,2023-03-21T22:41:37Z,4.741526
45.503512,-122.637532,33.2,2023-03-21T22:41:39Z,4.737656
45.503511,-122.637463,34.3,2023-03-21T22:41:40Z,4.737643
45.503491,-122.637341,34.9,2023-03-21T22:41:42Z,4.734145
45.503504,-122.637178,34.5,2023-03-21T22:41:45Z,4.733625
45.503497,-122.636804,36.0,2023-03-21T22:41:52Z
45.503505,-122.636755,37.0,2023-03-21T22:41:54Z,4.720504
45.503553,-122.636699,37.9,2023-03-21T22:41:56Z,4.721990
45.503649,-122.636652,38.4,2023-03-21T22:41:59Z,4.760517
45.503696,-122.636646,38.2,2023-03-21T22:42:00Z,4.758835
45.503716,-122.636623,38.5,2023-03-21T22:42:01Z,4.759146
45.503755,-122.636618,37.8,2023-03-21T22:42:02Z,4.757631
45.503815,-122.636631,37.7,2023-03-21T22:42:03Z,4.755019
45.503944,-122.636555,37.3,2023-03-21T22:42:04Z,4.884653
45.504047,-122.636582,37.8,2023-03-21T22:42:06Z,4.839925
45.504597,-122.636603,37.2,2023-03-21T22:42:16Z,4.766867
45.504765,-122.636594,37.1,2023-03-21T22:42:19Z,4.920342
45.504823,-122.636600,37.2,2023-03-21T22:42:20Z,4.875320
45.504874,-122.636648,36.7,2023-03-21T22:42:21Z,4.787256
45.504989,-122.636672,36.6,2023-03-21T22:42:23Z,4.808931
45.505260,-122.636659,38.4,2023-03-21T22:42:28Z,4.738559
45.505510,-122.636673,39.0,2023-03-21T22:42:31Z,4.737074
45.505642,-122.636696,37.7,2023-03-21T22:42:33Z,4.734477
45.505793,-122.636693,40.2,2023-03-21T22:42:36Z,4.733395
45.505838,-122.636707,39.6,2023-03-21T22:42:37Z,4.730575
45.506045,-122.636707,40.0,2023-03-21T22:42:44Z
45.506126,-122.636671,42.0,2023-03-21T22:42:47Z
45.506276,-122.636672,40.5,2023-03-21T22:42:48Z,4.842188
45.506466,-122.636694,40.4,2023-03-21T22:42:52Z,4.809828
45.506553,-122.636687,40.3,2023-03-21T22:42:54Z,4.717425
45.506599,-122.636702,40.1,2023-03-21T22:42:55Z,4.681715
45.506695,-122.636710,40.1,2023-03-21T22:42:57Z,4.767191
45.506804,-122.636703,40.1,2023-03-21T22:42:59Z,4.783461
45.507126,-122.636717,40.3,2023-03-21T22:43:04Z,4.789762
45.507329,-122.636739,41.7,2023-03-21T22:43:08Z,4.763765
45.507365,-122.636736,41.8,2023-03-21T22:43:09Z,4.764857
45.507392,-122.636722,42.9,2023-03-21T22:43:10Z,4.729460
45.507556,-122.636721,46.0,2023-03-21T22:43:16Z
45.507658,-122.636709,46.0,2023-03-21T22:43:21Z
45.507789,-122.636710,46.0,2023-03-21T22:43:25Z
45.507846,-122.636726,46.5,2023-03-21T22:43:26Z,4.752051
45.507920,-122.636715,48.0,2023-03-21T22:43:28Z,4.746723
45.508142,-122.636720,47.9,2023-03-21T22:43:31Z,4.895942
45.508306,-122.636709,49.6,2023-03-21T22:43:36Z,4.804217
45.508394,-122.636692,49.0,2023-03-21T22:43:40Z
45.508430,-122.636658,50.0,2023-03-21T22:43:42Z
45.508453,-122.636620,50.8,2023-03-21T22:43:44Z,4.778099
45.508448,-122.636515,51.1,2023-03-21T22:43:46Z,4.795365
45.508390,-122.636371,52.0,2023-03-21T22:43:47Z
45.508401,-122.636326,52.2,2023-03-21T22:43:49Z,4.723376
45.508438,-122.636284,52.0,2023-03-21T22:43:50Z
45.508522,-122.636144,52.0,2023-03-21T22:43:52Z,4.754565
45.508574,-122.636107,51.9,2023-03-21T22:43:53Z,4.749491
45.508640,-122.636091,51.8,2023-03-21T22:43:54Z,4.731803
45.508817,-122.636094,51.8,2023-03-21T22:43:57Z,4.796823
45.509039,-122.636076,51.3,2023-03-21T22:44:01Z,4.901444
45.509254,-122.636115,51.2,2023-03-21T22:44:05Z,4.799659
45.509476,-122.636100,51.0,2023-03-21T22:44:09Z,4.837580
45.509539,-122.636123,50.7,2023-03-21T22:44:10Z,4.779902
45.509588,-122.636160,51.0,2023-03-21T22:44:11Z,4.776412
45.509631,-122.636160,50.8,2023-03-21T22:44:12Z,4.780621
45.509726,-122.636091,49.6,2023-03-21T22:44:14Z,4.753641
45.509916,-122.636129,49.8,2023-03-21T22:44:17Z,4.745561
45.510049,-122.636116,50.7,2023-03-21T22:44:19Z,4.749506
45.510327,-122.636116,47.7,2023-03-21T22:44:23Z,4.768965
45.510463,-122.636102,47.6,2023-03-21T22:44:25Z,4.768346
45.510865,-122.636103,47.2,2023-03-21T22:44:30Z,4.755289
45.511113,-122.636089,47.9,2023-03-21T22:44:34Z,4.758965
45.511246,-122.636104,45.0,2023-03-21T22:44:36Z,4.744154
45.511310,-122.636094,46.0,2023-03-21T22:44:37Z,4.738721
45.511670,-122.636089,48.0,2023-03-21T22:44:45Z
45.511934,-122.636111,50.5,2023-03-21T22:44:49Z,4.824713
45.512017,-122.636091,50.0,2023-03-21T22:44:54Z
45.511977,-122.636095,51.4,2023-03-21T22:44:57Z,4.896539
45.512006,-122.636104,51.6,2023-03-21T22:45:04Z,4.992680
45.511985,-122.636078,48.0,2023-03-21T22:45:22Z
45.512041,-122.636069,52.5,2023-03-21T22:45:29Z,4.748332
45.512187,-122.636098,52.2,2023-03-21T22:45:33Z,4.737436
45.512453,-122.636109,51.3,2023-03-21T22:45:38Z,4.736739
45.512644,-122.636100,48.9,2023-03-21T22:45:41Z,4.753313
45.512848,-122.636123,49.4,2023-03-21T22:45:44Z,4.756608
45.512980,-122.636095,49.2,2023-03-21T22:45:47Z,4.750413
45.513421,-122.636106,48.7,2023-03-21T22:45:54Z,4.740285
45.513617,-122.636097,46.5,2023-03-21T22:45:57Z,4.738317
45.513798,-122.636077,49.6,2023-03-21T22:46:00Z,4.735861
45.513919,-122.636093,48.0,2023-03-21T22:46:02Z,4.738150
45.514273,-122.636094,50.4,2023-03-21T22:46:10Z,4.738910
45.514407,-122.636103,49.0,2023-03-21T22:46:13Z,4.733239
45.514659,-122.636092,48.6,2023-03-21T22:46:18Z,4.731887
45.514900,-122.636069,48.3,2023-03-21T22:46:22Z,4.741321
45.515180,-122.636080,46.4,2023-03-21T22:46:26Z,4.748666
45.515542,-122.636070,43.2,2023-03-21T22:46:30Z,4.746207
45.515849,-122.636080,41.4,2023-03-21T22:46:34Z,4.746561
45.516149,-122.636118,41.2,2023-03-21T22:46:39Z,4.746248
45.516250,-122.636110,40.0,2023-03-21T22:46:42Z
45.516315,-122.636082,39.0,2023-03-21T22:46:44Z
45.516373,-122.636032,40.0,2023-03-21T22:46:49Z
45.516485,-122.636013,40.6,2023-03-21T22:46:52Z,4.766108
45.516524,-122.635998,41.5,2023-03-21T22:46:53Z,4.759321
45.516679,-122.636030,41.2,2023-03-21T22:46:56Z,4.736619
45.516960,-122.636039,40.0,2023-03-21T22:47:01Z,4.733669
45.517065,-122.636061,41.1,2023-03-21T22:47:03Z,4.743828
45.517215,-122.636029,41.3,2023-03-21T22:47:06Z,4.748671
45.517324,-122.636049,41.2,2023-03-21T22:47:08Z,4.740421
45.517785,-122.636066,43.1,2023-03-21T22:47:17Z,4.739785
45.518003,-122.636049,43.4,2023-03-21T22:47:21Z,4.735302
45.518174,-122.636055,43.5,2023-03-21T22:47:24Z,4.730519
45.518323,-122.636038,43.5,2023-03-21T22:47:27Z,4.735906
45.518460,-122.636043,43.3,2023-03-21T22:47:30Z,4.741002
45.518500,-122.636054,43.7,2023-03-21T22:47:31Z,4.740825
45.518537,-122.636089,43.4,2023-03-21T22:47:32Z,4.739729
45.518557,-122.636153,43.5,2023-03-21T22:47:33Z,4.740722
45.518566,-122.636231,44.3,2023-03-21T22:47:34Z,4.746013
45.518561,-122.636413,44.9,2023-03-21T22:47:37Z,4.762725
45.518590,-122.636651,46.9,2023-03-21T22:47:41Z,4.753897
45.518594,-122.636903,48.1,2023-03-21T22:47:47Z,4.746595
45.518604,-122.636984,47.8,2023-03-21T22:47:49Z,4.743812
45.518657,-122.637032,48.8,2023-03-21T22:47:52Z,4.732019
45.518706,-122.637029,48.0,2023-03-21T22:47:53Z
45.518745,-122.637010,49.5,2023-03-21T22:47:55Z,4.723964
45.518775,-122.636972,48.0,2023-03-21T22:47:56Z
45.518815,-122.636958,48.6,2023-03-21T22:47:58Z,4.735308
45.518861,-122.636985,50.1,2023-03-21T22:47:59Z,4.742678
45.518858,-122.637160,48.1,2023-03-21T22:48:00Z,6.228842
45.518901,-122.637108,47.9,2023-03-21T22:48:01Z,6.117309
45.519020,-122.637099,47.7,2023-03-21T22:48:03Z,5.646296
45.519142,-122.637076,46.0,2023-03-21T22:48:09Z
45.519189,-122.637077,47.7,2023-03-21T22:48:11Z,5.502419
45.519226,-122.637089,47.6,2023-03-21T22:48:12Z,5.550435
45.519263,-122.637118,47.8,2023-03-21T22:48:13Z,5.593564
45.519326,-122.637248,47.9,2023-03-21T22:48:15Z,5.134870
45.519416,-122.637336,47.9,2023-03-21T22:48:17Z,5.035197
45.519763,-122.637315,46.0,2023-03-21T22:48:22Z,4.765217
45.519834,-122.637290,45.3,2023-03-21T22:48:23Z,4.768886
45.519898,-122.637313,45.2,2023-03-21T22:48:23Z,4.764184
45.520037,-122.637312,44.4,2023-03-21T22:48:25Z,4.764935
45.520518,-122.637278,46.5,2023-03-21T22:48:32Z,4.733190
45.520725,-122.637276,47.0,2023-03-21T22:48:35Z,4.734311
45.520933,-122.637288,46.2,2023-03-21T22:48:38Z,4.731816
45.521177,-122.637267,46.6,2023-03-21T22:48:42Z,4.730398
45.521346,-122.637283,46.0,2023-03-21T22:48:45Z,4.735752
45.521445,-122.637267,47.1,2023-03-21T22:48:47Z,4.736104
45.521657,-122.637278,46.8,2023-03-21T22:48:51Z,4.726583
45.521894,-122.637264,46.2,2023-03-21T22:48:55Z,4.739566
45.522056,-122.637270,45.3,2023-03-21T22:48:58Z,4.742653
45.522136,-122.637253,45.3,2023-03-21T22:49:00Z,4.744351
45.522512,-122.637228,46.0,2023-03-21T22:49:13Z
45.522559,-122.637214,45.0,2023-03-21T22:49:15Z
45.522589,-122.637229,47.0,2023-03-21T22:49:18Z
45.522633,-122.637225,48.9,2023-03-21T22:49:19Z,4.729582
45.522764,-122.637190,46.2,2023-03-21T22:49:46Z,4.746356
45.522816,-122.637137,47.4,2023-03-21T22:49:48Z,4.755598
45.522835,-122.637100,47.3,2023-03-21T22:49:49Z,4.764003
45.522937,-122.637110,47.4,2023-03-21T22:49:51Z,4.778756
45.522984,-122.637096,47.4,2023-03-21T22:49:52Z,4.777561
45.523188,-122.637114,47.0,2023-03-21T22:49:55Z,4.785485
45.523260,-122.637206,46.6,2023-03-21T22:49:56Z,4.784898
45.523654,-122.637199,44.9,2023-03-21T22:50:02Z,4.760679
45.523729,-122.637167,45.6,2023-03-21T22:50:03Z,4.756030
45.523886,-122.637187,44.6,2023-03-21T22:50:05Z,4.748690
45.524476,-122.637177,44.6,2023-03-21T22:50:13Z,4.771340
45.524933,-122.637208,42.9,2023-03-21T22:50:19Z,4.750361
45.525010,-122.637201,42.6,2023-03-21T22:50:20Z,4.737927
45.525226,-122.637210,43.3,2023-03-21T22:50:23Z,4.742389
45.525512,-122.637187,42.8,2023-03-21T22:50:26Z,4.748263
45.525729,-122.637197,42.0,2023-03-21T22:50:29Z,4.758123
45.525861,-122.637181,43.0,2023-03-21T22:50:31Z,4.760993
45.526357,-122.637193,41.0,2023-03-21T22:50:44Z
45.526398,-122.637175,43.2,2023-03-21T22:50:46Z,4.752454
45.526467,-122.637170,43.7,2023-03-21T22:50:48Z,4.747700
45.526854,-122.637174,45.5,2023-03-21T22:50:56Z,4.745193
45.526904,-122.637184,47.9,2023-03-21T22:50:57Z,4.749308
45.527070,-122.637157,47.4,2023-03-21T22:51:00Z,4.751259
45.527249,-122.637146,46.5,2023-03-21T22:51:03Z,4.764214
45.527707,-122.637156,44.9,2023-03-21T22:51:10Z,4.737321
45.527771,-122.637148,45.4,2023-03-21T22:51:11Z,4.738500
45.528086,-122.637152,45.7,2023-03-21T22:51:16Z,4.741460
45.528297,-122.637142,46.9,2023-03-21T22:51:20Z,4.745844
45.528405,-122.637153,46.4,2023-03-21T22:51:22Z,4.745988
45.528481,-122.637141,47.0,2023-03-21T22:51:24Z,4.740907
45.528528,-122.637145,46.7,2023-03-21T22:51:25Z,4.739077
45.528636,-122.637121,47.4,2023-03-21T22:51:28Z,4.746993
45.528980,-122.637111,44.0,2023-03-21T22:51:44Z
45.529105,-122.637077,50.0,2023-03-21T22:51:53Z,4.738754
45.529278,-122.637064,50.2,2023-03-21T22:51:57Z,4.751506
45.529405,-122.637080,50.0,2023-03-21T22:51:59Z,4.740761
45.529700,-122.637081,48.1,2023-03-21T22:52:04Z,4.734532
45.529854,-122.637099,49.0,2023-03-21T22:52:06Z,4.731196
45.530077,-122.637055,50.1,2023-03-21T22:52:09Z,4.737242
45.530227,-122.637075,48.1,2023-03-21T22:52:11Z,4.736580
45.530364,-122.637067,47.8,2023-03-21T22:52:13Z,4.739044
45.530982,-122.637065,47.5,2023-03-21T22:52:22Z,4.728975
45.531191,-122.637081,46.5,2023-03-21T22:52:24Z,4.733249
45.531535,-122.637081,46.7,2023-03-21T22:52:29Z,4.734561
45.532106,-122.637101,44.6,2023-03-21T22:52:38Z,4.735917
45.532134,-122.637133,44.6,2023-03-21T22:52:39Z,4.734786
45.532139,-122.637257,44.0,2023-03-21T22:52:42Z
45.532130,-122.637351,45.0,2023-03-21T22:52:44Z,4.768240
45.532156,-122.637429,45.5,2023-03-21T22:52:46Z,4.758701
45.532151,-122.637504,47.0,2023-03-21T22:52:49Z
45.532234,-122.637770,47.4,2023-03-21T22:52:50Z,4.797343
45.532224,-122.637976,47.4,2023-03-21T22:52:52Z,4.800658
45.532274,-122.638134,46.1,2023-03-21T22:52:53Z,5.041821
45.532228,-122.639102,46.4,2023-03-21T22:53:06Z,5.284218
45.532244,-122.639352,46.0,2023-03-21T22:53:11Z
45.532472,-122.639155,46.7,2023-03-21T22:53:13Z,4.769702
45.532500,-122.639176,46.1,2023-03-21T22:53:14Z,4.763307
45.532531,-122.639177,45.8,2023-03-21T22:53:15Z,4.770858
45.532638,-122.639155,48.1,2023-03-21T22:53:17Z,4.784920
45.532817,-122.639144,46.3,2023-03-21T22:53:21Z,4.780867
45.532848,-122.639150,47.3,2023-03-21T22:53:22Z,4.768048
45.532918,-122.639134,48.2,2023-03-21T22:53:24Z,4.760515
45.532953,-122.639144,48.4,2023-03-21T22:53:25Z,4.751246
45.533138,-122.639099,50.0,2023-03-21T22:53:30Z
45.533379,-122.639153,48.5,2023-03-21T22:53:31Z,5.418995
45.533748,-122.639145,49.1,2023-03-21T22:53:38Z,5.367225
45.533850,-122.639131,49.3,2023-03-21T22:53:40Z,5.106201
45.534311,-122.639125,50.3,2023-03-21T22:53:49Z,4.921270
45.534477,-122.639099,50.0,2023-03-21T22:53:54Z
45.535037,-122.639117,50.2,2023-03-21T22:54:04Z,5.019485
45.535118,-122.639103,49.9,2023-03-21T22:54:09Z,5.501204
45.535070,-122.639104,45.0,2023-03-21T22:54:14Z
45.535004,-122.639040,48.0,2023-03-21T22:54:20Z
45.535135,-122.639079,50.4,2023-03-21T22:54:26Z,4.741059
45.535171,-122.639074,50.3,2023-03-21T22:54:27Z,4.738824
45.535342,-122.639097,52.4,2023-03-21T22:54:31Z,4.732384
45.535540,-122.639081,54.1,2023-03-21T22:54:35Z,4.736058
45.535710,-122.639082,53.5,2023-03-21T22:54:38Z,4.733187
45.535818,-122.639098,51.9,2023-03-21T22:54:40Z,4.740406
45.535986,-122.639089,52.5,2023-03-21T22:54:43Z,4.737703
45.536280,-122.639121,50.1,2023-03-21T22:54:48Z,4.735002
45.536689,-122.639130,49.8,2023-03-21T22:54:55Z,4.732757
45.536970,-122.639113,51.4,2023-03-21T22:55:00Z,4.736110
45.537025,-122.639127,49.9,2023-03-21T22:55:01Z,4.743573
45.537225,-122.639118,51.6,2023-03-21T22:55:05Z,4.737329
45.537277,-122.639124,51.0,2023-03-21T22:55:07Z
45.537329,-122.639109,52.0,2023-03-21T22:55:09Z
45.537674,-122.639138,54.5,2023-03-21T22:55:18Z,4.733887
45.537782,-122.639118,53.1,2023-03-21T22:55:20Z,4.743521
45.537957,-122.639115,54.3,2023-03-21T22:55:22Z,4.740279
45.538023,-122.639086,52.5,2023-03-21T22:55:23Z,4.741129
45.538081,-122.639086,52.8,2023-03-21T22:55:24Z,4.740130
45.538141,-122.639117,53.2,2023-03-21T22:55:25Z,4.736252
45.538262,-122.639122,52.6,2023-03-21T22:55:27Z,4.733650
45.538495,-122.639111,52.5,2023-03-21T22:55:31Z,4.743796
45.538564,-122.639126,51.1,2023-03-21T22:55:32Z,4.744338
45.538675,-122.639131,52.6,2023-03-21T22:55:34Z,4.737335
45.539307,-122.639119,52.2,2023-03-21T22:55:44Z,4.760849
45.539373,-122.639129,50.3,2023-03-21T22:55:45Z,4.756652
45.539561,-122.639130,50.5,2023-03-21T22:55:48Z,4.760648
45.539681,-122.639120,52.1,2023-03-21T22:55:50Z,4.758180
45.539798,-122.639127,50.6,2023-03-21T22:55:52Z,4.744669
45.540033,-122.639117,50.3,2023-03-21T22:55:56Z,4.741887
45.540258,-122.639121,50.4,2023-03-21T22:56:00Z,4.754832
45.540319,-122.639084,50.5,2023-03-21T22:56:01Z,4.754085
45.540380,-122.639107,50.3,2023-03-21T22:56:02Z,4.751289
45.540619,-122.639123,51.1,2023-03-21T22:56:06Z,4.746942
45.540867,-122.639130,49.1,2023-03-21T22:56:10Z,4.737555
45.541180,-122.639124,48.5,2023-03-21T22:56:16Z,4.744671
45.541362,-122.639147,48.2,2023-03-21T22:56:19Z,4.750122
45.541483,-122.639132,48.3,2023-03-21T22:56:21Z,4.758961
45.541596,-122.639138,47.5,2023-03-21T22:56:23Z,4.750019
45.541762,-122.639103,47.2,2023-03-21T22:56:26Z,4.749712
45.542027,-122.639101,45.6,2023-03-21T22:56:33Z,4.747720
45.542076,-122.639079,46.6,2023-03-21T22:56:34Z,4.750394
45.542159,-122.639092,47.8,2023-03-21T22:56:36Z,4.749971
45.542315,-122.639082,47.9,2023-03-21T22:56:39Z,4.741948
45.542420,-122.639087,47.1,2023-03-21T22:56:41Z,4.739933
45.542524,-122.639076,47.1,2023-03-21T22:56:43Z,4.739054
45.542705,-122.639090,45.5,2023-03-21T22:56:46Z,4.740827
45.542753,-122.639071,46.9,2023-03-21T22:56:47Z,4.742702
45.542879,-122.639059,48.1,2023-03-21T22:56:49Z,4.733947
45.542938,-122.639090,47.3,2023-03-21T22:56:50Z,4.730621
45.543260,-122.639077,51.8,2023-03-21T22:56:56Z,4.728964
45.543408,-122.639081,50.7,2023-03-21T22:56:59Z,4.739560
45.543567,-122.639050,51.4,2023-03-21T22:57:04Z,4.734494
45.543633,-122.639017,52.0,2023-03-21T22:57:06Z
45.543845,-122.639061,52.1,2023-03-21T22:57:08Z,5.095029
45.544182,-122.639049,53.6,2023-03-21T22:57:16Z,5.269942
45.544401,-122.639070,54.0,2023-03-21T22:57:20Z,5.087778
45.544802,-122.639089,52.6,2023-03-21T22:57:27Z,4.800925
45.544923,-122.639064,52.7,2023-03-21T22:57:29Z,4.751972
45.544998,-122.639076,51.3,2023-03-21T22:57:30Z,4.755082
45.545150,-122.639069,51.4,2023-03-21T22:57:32Z,4.757117
45.545226,-122.639085,50.4,2023-03-21T22:57:33Z,4.760382
45.545500,-122.639069,50.1,2023-03-21T22:57:37Z,4.764517
45.545644,-122.639088,48.9,2023-03-21T22:57:39Z,4.739969
45.546058,-122.639095,48.7,2023-03-21T22:57:45Z,4.738182
45.546122,-122.639093,48.9,2023-03-21T22:57:46Z,4.739086
45.546261,-122.639063,48.3,2023-03-21T22:57:48Z,4.739892
45.546384,-122.639061,48.9,2023-03-21T22:57:50Z,4.743944
45.546575,-122.639086,49.3,2023-03-21T22:57:53Z,4.746060
45.546743,-122.639076,49.4,2023-03-21T22:57:56Z,4.744892
45.547101,-122.639100,51.0,2023-03-21T22:58:02Z,4.735476
45.547223,-122.639100,50.5,2023-03-21T22:58:04Z,4.745280
45.547343,-122.639078,51.4,2023-03-21T22:58:06Z,4.741308
45.547452,-122.639108,52.4,2023-03-21T22:58:08Z,4.744038
45.547625,-122.639083,53.1,2023-03-21T22:58:11Z,4.745426
45.547747,-122.639085,52.8,2023-03-21T22:58:13Z,4.737025
45.547844,-122.639069,53.3,2023-03-21T22:58:15Z,4.737662
45.547897,-122.639071,52.6,2023-03-21T22:58:16Z,4.736038
45.547991,-122.639053,52.5,2023-03-21T22:58:18Z,4.742733
45.548158,-122.639063,48.0,2023-03-21T22:58:27Z
45.548303,-122.639060,55.5,2023-03-21T22:58:36Z,4.750868
45.548349,-122.639077,54.1,2023-03-21T22:58:37Z,4.752805
45.548525,-122.639067,53.9,2023-03-21T22:58:41Z,4.749093
45.548701,-122.639090,54.3,2023-03-21T22:58:45Z,4.743034
45.548870,-122.639078,56.6,2023-03-21T22:58:49Z,4.738316
45.549000,-122.639090,56.0,2023-03-21T22:58:53Z
45.549104,-122.639066,56.4,2023-03-21T22:58:57Z,4.731339
45.549328,-122.639052,59.2,2023-03-21T22:59:04Z,4.734145
45.549460,-122.639006,59.7,2023-03-21T22:59:08Z,4.736071
45.549529,-122.638969,58.0,2023-03-21T22:59:10Z
45.549571,-122.638895,59.9,2023-03-21T22:59:13Z,4.742647
45.549569,-122.638853,61.1,2023-03-21T22:59:14Z,4.747549
45.549606,-122.638666,62.2,2023-03-21T22:59:19Z,4.758503
45.549639,-122.638565,63.2,2023-03-21T22:59:21Z,4.757621
45.549652,-122.638401,63.1,2023-03-21T22:59:25Z,4.735599
45.549609,-122.638072,64.6,2023-03-21T22:59:33Z,4.748475
45.549603,-122.637917,66.7,2023-03-21T22:59:37Z,4.742799
45.549625,-122.637775,68.9,2023-03-21T22:59:41Z,4.731995
45.549627,-122.637644,67.1,2023-03-21T22:59:44Z,4.750758
45.549610,-122.637558,68.7,2023-03-21T22:59:46Z,4.751959
45.549635,-122.637443,68.6,2023-03-21T22:59:49Z,4.758915
45.549625,-122.637366,70.9,2023-03-21T22:59:51Z,4.763192
45.549654,-122.637290,71.6,2023-03-21T22:59:53Z,4.779070
45.549703,-122.636998,75.1,2023-03-21T23:00:02Z,4.816852
45.549764,-122.636869,75.0,2023-03-21T23:00:07Z
45.549792,-122.636828,76.3,2023-03-21T23:00:08Z,4.821044
45.549856,-122.636775,75.0,2023-03-21T23:00:11Z
45.549909,-122.636768,76.0,2023-03-21T23:00:13Z
45.549960,-122.636747,78.0,2023-03-21T23:00:15Z
45.550026,-122.636701,80.0,2023-03-21T23:00:19Z
45.550133,-122.635799,75.7,2023-03-21T23:00:20Z,7.859594
45.550129,-122.636600,80.5,2023-03-21T23:00:21Z,4.863823
45.550232,-122.636582,80.9,2023-03-21T23:00:23Z,4.862230
45.550329,-122.636546,81.4,2023-03-21T23:00:26Z,4.873151
45.550388,-122.636547,81.2,2023-03-21T23:00:27Z,4.877928
45.550477,-122.636479,81.5,2023-03-21T23:00:29Z,4.893202
45.550710,-122.636354,81.7,2023-03-21T23:00:33Z,4.909685
45.550763,-122.636308,81.7,2023-03-21T23:00:34Z,4.908858
45.550827,-122.636270,81.3,2023-03-21T23:00:35Z,4.892431
45.550979,-122.636225,81.1,2023-03-21T23:00:37Z,4.878203
45.551047,-122.636179,81.7,2023-03-21T23:00:38Z,4.882793
45.551402,-122.636077,78.7,2023-03-21T23:00:42Z,4.862743
45.551597,-122.635868,78.8,2023-03-21T23:00:43Z,4.767843
45.551722,-122.635868,78.3,2023-03-21T23:00:45Z,4.766329
45.552106,-122.635912,75.1,2023-03-21T23:00:51Z,4.767780
45.552404,-122.635886,78.2,2023-03-21T23:00:56Z,4.767586
45.552605,-122.635890,76.5,2023-03-21T23:00:59Z,4.781822
45.552797,-122.635880,77.9,2023-03-21T23:01:02Z,4.756759
45.553641,-122.635895,75.7,2023-03-21T23:01:15Z,4.750907
45.554285,-122.635879,75.4,2023-03-21T23:01:26Z,4.760511
45.554479,-122.635899,75.1,2023-03-21T23:01:30Z,4.753282
45.555043,-122.635892,73.0,2023-03-21T23:01:40Z,4.743762
45.555238,-122.635900,72.0,2023-03-21T23:01:48Z
45.555329,-122.635879,72.0,2023-03-21T23:02:13Z
45.555588,-122.635886,74.1,2023-03-21T23:02:24Z,4.736972
45.556235,-122.635878,69.0,2023-03-21T23:02:40Z
45.556277,-122.635896,71.0,2023-03-21T23:02:42Z
45.556303,-122.635953,72.8,2023-03-21T23:02:44Z,4.744606
45.556303,-122.636115,72.1,2023-03-21T23:02:47Z,4.750453
45.556319,-122.636246,73.0,2023-03-21T23:02:49Z,4.754344
45.556343,-122.636911,72.8,2023-03-21T23:02:57Z,4.757994
45.556349,-122.637990,72.9,2023-03-21T23:03:09Z,4.750125
45.556341,-122.638266,71.7,2023-03-21T23:03:12Z,4.749693
45.556355,-122.638991,72.3,2023-03-21T23:03:19Z,4.760269
45.556336,-122.639367,72.3,2023-03-21T23:03:23Z,4.749259
45.556356,-122.639765,72.0,2023-03-21T23:03:27Z,4.752941
45.556355,-122.639957,71.8,2023-03-21T23:03:29Z,4.753212
45.556369,-122.640233,72.4,2023-03-21T23:03:32Z,4.755463
45.556365,-122.640501,71.3,2023-03-21T23:03:35Z,4.766877
45.556377,-122.640677,73.3,2023-03-21T23:03:37Z,4.771472
45.556363,-122.641801,73.1,2023-03-21T23:03:49Z,4.753624
45.556351,-122.641979,72.6,2023-03-21T23:03:51Z,4.756118
45.556367,-122.642704,74.4,2023-03-21T23:03:59Z,4.750893
45.556363,-122.643249,74.5,2023-03-21T23:04:05Z,4.754291
45.556379,-122.643890,74.1,2023-03-21T23:04:12Z,4.754560
45.556362,-122.644425,73.6,2023-03-21T23:04:18Z,4.755765
45.556383,-122.644919,73.9,2023-03-21T23:04:23Z,4.749511
45.556382,-122.646101,73.2,2023-03-21T23:04:35Z,4.767754
45.556370,-122.646193,72.9,2023-03-21T23:04:36Z,4.768771
45.556368,-122.646676,72.1,2023-03-21T23:04:42Z,4.761199
45.556355,-122.646952,73.1,2023-03-21T23:04:45Z,4.763694
45.556372,-122.647044,72.4,2023-03-21T23:04:46Z,4.765045
45.556373,-122.647223,73.7,2023-03-21T23:04:48Z,4.758546
45.556359,-122.647315,73.4,2023-03-21T23:04:49Z,4.758920
45.556368,-122.648264,73.8,2023-03-21T23:05:00Z,4.754028
45.556353,-122.648928,73.3,2023-03-21T23:05:08Z,4.756107
45.556397,-122.649800,73.6,2023-03-21T23:05:18Z,4.744872
45.556377,-122.650003,73.1,2023-03-21T23:05:21Z,4.762915
45.556375,-122.650175,73.5,2023-03-21T23:05:23Z,4.768934
45.556376,-122.650354,73.4,2023-03-21T23:05:25Z,4.783154
45.556394,-122.650546,73.8,2023-03-21T23:05:27Z,4.785888
45.556389,-122.650654,72.7,2023-03-21T23:05:28Z,4.766837
45.556401,-122.650965,72.1,2023-03-21T23:05:31Z,4.751695
45.556386,-122.653280,71.4,2023-03-21T23:05:55Z,4.751386
45.556399,-122.653659,69.1,2023-03-21T23:05:59Z,4.776578
45.556388,-122.653836,69.9,2023-03-21T23:06:01Z,4.778124
45.556388,-122.654351,70.3,2023-03-21T23:06:07Z,4.768095
45.556402,-122.654681,70.7,2023-03-21T23:06:11Z,4.817141
45.556397,-122.654937,70.9,2023-03-21T23:06:14Z,4.833778
45.556411,-122.655196,70.0,2023-03-21T23:06:17Z,4.819650
45.556402,-122.656234,69.1,2023-03-21T23:06:29Z,4.802004
45.556414,-122.656480,68.8,2023-03-21T23:06:32Z,4.785534
45.556400,-122.656563,68.6,2023-03-21T23:06:33Z,4.776813
45.556367,-122.656645,68.9,2023-03-21T23:06:34Z,4.777224
45.556327,-122.656710,68.7,2023-03-21T23:06:35Z,4.780400
45.556251,-122.656721,69.3,2023-03-21T23:06:36Z,4.778322
45.556039,-122.656690,67.6,2023-03-21T23:06:39Z,4.757912
45.555977,-122.656698,67.2,2023-03-21T23:06:40Z,4.748738
45.555880,-122.656728,67.9,2023-03-21T23:06:42Z,4.732049
45.555808,-122.656734,66.0,2023-03-21T23:06:45Z
45.555776,-122.656763,65.0,2023-03-21T23:06:48Z
45.555778,-122.656798,64.0,2023-03-21T23:06:50Z
45.555809,-122.656844,67.0,2023-03-21T23:07:32Z,4.741211
